<?xml version="1.0"?>
<!-- Note: Camera matrix translation units are meters. -->
<opencv_storage>
<CameraMatrix type_id="opencv-matrix">
  <rows>3</rows>
  <cols>4</cols>
  <dt>d</dt>
  <data>
    0.999901 -0.000789081 0.014023 0.
    0.000770575 0.999999 0.00132505 0.
    -0.0140241 -0.00131412 0.999901 0.</data></CameraMatrix>
<Intrinsics type_id="opencv-matrix">
  <rows>3</rows>
  <cols>3</cols>
  <dt>d</dt>
  <data>
        0.497827 0.796097 0.495594
        0.513136 -0.0558512 0.0616655
        0.0003573 -0.0002874 -0.0190648</data></Intrinsics>
<Distortion type_id="opencv-matrix">
  <rows>8</rows>
  <cols>1</cols>
  <dt>d</dt>
  <data>
    -1.8102158829399091e+00 9.1966147162623262e+00
    -4.4293900343777355e-04 1.3638377686816653e-03
    1.3303863414979364e+00 -1.4189051636354870e+00
    8.4725535468475819e+00 4.7911023525901033e+00</data></Distortion>
</opencv_storage>
